0    0
1   95
2  149
3  181
4  200
5  212
6  220
7  226
8  231
9  235
10  239
11  243
12  247
13  250
14  254
15  258
16  261
17  265
18  268
19  272
20  275
21  278
22  282
23  285
24  289
25  292
26  296
27  299
28  303
29  306
30  310
31  313
32  316
33  320
34  323
35  327
36  330
37  334
38  337
39  340
40  344
41  347
42  350
43  354
44  357
45  361
46  364
47  367
48  371
49  374
50  377
51  381
52  384
53  387
54  391
55  394
56  397
57  400
58  404
59  407
60  410
61  414
62  417
63  420
64  423
65  427
66  430
67  433
68  436
69  440
70  443
71  446
72  449
73  452
74  456
75  459
76  462
77  465
78  468
79  471
80  475
81  478
82  481
83  484
84  487
85  490
86  493
87  496
88  499
89  503
90  506
91  509
92  512
93  515
94  518
95  521
96  524
97  527
98  530
99  533
100  536
101  539
102  542
103  545
104  548
105  551
106  554
107  557
108  560
109  563
110  566
111  568
112  571
113  574
114  577
115  580
116  583
117  586
118  589
119  592
120  594
121  597
122  600
123  603
124  606
125  608
126  611
127  614
128  617
129  620
130  622
131  625
132  628
133  630
134  633
135  636
136  639
137  641
138  644
139  647
140  649
141  652
142  655
143  657
144  660
145  663
146  665
147  668
148  670
149  673
150  676
151  678
152  681
153  683
154  686
155  688
156  691
157  693
158  696
159  698
160  701
161  703
162  706
163  708
164  711
165  713
166  715
167  718
168  720
169  723
170  725
171  727
172  730
173  732
174  735
175  737
176  739
177  742
178  744
179  746
180  748
181  751
182  753
183  755
184  758
185  760
186  762
187  764
188  766
189  769
190  771
191  773
192  775
193  777
194  780
195  782
196  784
197  786
198  788
199  790
200  792
201  794
202  797
203  799
204  801
205  803
206  805
207  807
208  809
209  811
210  813
211  815
212  817
213  819
214  821
215  823
216  825
217  827
218  829
219  830
220  832
221  834
222  836
223  838
224  840
225  842
226  844
227  845
228  847
229  849
230  851
231  853
232  855
233  856
234  858
235  860
236  862
237  863
238  865
239  867
240  869
241  870
242  872
243  874
244  875
245  877
246  879
247  880
248  882
249  884
250  885
251  887
252  889
253  890
254  892
255  893
256  895
257  897
258  898
259  900
260  901
261  903
262  904
263  906
264  907
265  909
266  910
267  912
268  913
269  915
270  916
271  918
272  919
273  920
274  922
275  923
276  925
277  926
278  928
279  929
280  930
281  932
282  933
283  934
284  936
285  937
286  938
287  940
288  941
289  942
290  944
291  945
292  946
293  947
294  949
295  950
296  951
297  952
298  954
299  955
300  956
301  957
302  959
303  960
304  961
305  962
306  963
307  964
308  966
309  967
310  968
311  969
312  970
313  971
314  982
315  988
316  992
317  995
318  999
319 1002
320 1005
321 1008
322 1012
323 1015
324 1018
325 1021
326 1025
327 1028
328 1031
329 1034
330 1037
331 1040
332 1044
333 1047
334 1050
335 1053
336 1056
337 1059
338 1062
339 1066
340 1069
341 1072
342 1075
343 1078
344 1081
345 1084
346 1087
347 1090
348 1093
349 1096
350 1100
351 1103
352 1106
353 1109
354 1112
355 1115
356 1118
357 1121
358 1124
359 1127
360 1130
361 1133
362 1136
363 1139
364 1142
365 1145
366 1147
367 1150
368 1153
369 1156
370 1159
371 1162
372 1165
373 1168
374 1161
375 1159
376 1158
377 1159
378 1160
379 1161
380 1162
381 1163
382 1165
383 1166
384 1167
385 1168
386 1170
387 1171
388 1172
389 1173
390 1174
391 1175
392 1176
393 1177
394 1178
395 1179
396 1180
397 1181
398 1182
399 1183
400 1198
401 1205
402 1209
403 1212
404 1215
405 1218
406 1221
407 1224
408 1227
409 1230
410 1233
411 1236
412 1239
413 1241
414 1244
415 1247
416 1250
417 1253
418 1255
419 1258
420 1261
421 1264
422 1267
423 1269
424 1272
425 1275
426 1278
427 1280
428 1283
429 1286
430 1289
431 1291
432 1294
433 1297
434 1299
435 1302
436 1305
437 1308
438 1310
439 1313
440 1316
441 1318
442 1321
443 1324
444 1326
445 1329
446 1331
447 1334
448 1337
449 1339
450 1342
451 1344
452 1347
453 1349
454 1352
455 1355
456 1357
457 1359
458 1362
459 1352
460 1348
461 1346
462 1345
463 1345
464 1345
465 1346
466 1346
467 1347
468 1347
469 1348
470 1348
471 1349
472 1367
473 1374
474 1379
475 1382
476 1385
477 1387
478 1390
479 1393
480 1395
481 1398
482 1401
483 1403
484 1406
485 1408
486 1411
487 1414
488 1416
489 1419
490 1421
491 1424
492 1426
493 1429
494 1431
495 1434
496 1436
497 1439
498 1441
499 1444
500 1446
501 1448
502 1451
503 1453
504 1456
505 1458
506 1460
507 1463
508 1465
509 1467
510 1469
511 1472
512 1474
513 1476
514 1478
515 1481
516 1483
517 1485
518 1487
519 1489
520 1492
521 1494
522 1496
523 1498
524 1500
525 1502
526 1504
527 1506
528 1509
529 1496
530 1490
531 1487
532 1485
533 1483
534 1482
535 1481
536 1480
537 1479
538 1478
539 1478
540 1499
541 1508
542 1512
543 1515
544 1517
545 1519
546 1522
547 1524
548 1526
549 1528
550 1530
551 1532
552 1534
553 1536
554 1537
555 1539
556 1540
557 1541
558 1542
559 1544
560 1545
561 1547
562 1549
563 1551
564 1553
565 1555
566 1557
567 1559
568 1561
569 1563
570 1565
571 1567
572 1569
573 1571
574 1573
575 1575
576 1577
577 1579
578 1581
579 1582
580 1584
581 1586
582 1587
583 1589
584 1591
585 1593
586 1594
587 1596
588 1599
589 1601
590 1603
591 1605
592 1607
593 1609
594 1611
595 1613
596 1615
597 1617
598 1619
599 1620
600 1622
601 1624
602 1626
603 1628
604 1630
605 1632
606 1634
607 1636
608 1638
609 1640
610 1642
611 1644
612 1646
613 1648
614 1650
615 1652
616 1654
617 1656
618 1658
619 1660
620 1662
621 1664
622 1665
623 1667
624 1669
625 1671
626 1672
627 1674
628 1676
629 1677
630 1679
631 1681
632 1682
633 1684
634 1686
635 1687
636 1689
637 1691
638 1693
639 1694
640 1696
641 1697
642 1699
643 1700
644 1684
645 1697
646 1703
647 1706
648 1709
649 1712
650 1714
651 1716
652 1719
653 1721
654 1724
655 1726
656 1728
657 1730
658 1732
659 1734
660 1736
661 1737
662 1739
663 1741
664 1743
665 1745
666 1746
667 1748
668 1750
669 1752
670 1753
671 1755
672 1757
673 1758
674 1760
675 1762
676 1763
677 1765
678 1766
679 1768
680 1769
681 1771
682 1772
683 1774
684 1776
685 1777
686 1779
687 1781
688 1782
689 1784
690 1785
691 1787
692 1789
693 1790
694 1792
695 1793
696 1794
697 1796
698 1798
699 1799
700 1801
701 1802
702 1803
703 1805
704 1786
705 1776
706 1796
707 1804
708 1807
709 1810
710 1811
711 1813
712 1814
713 1816
714 1817
715 1818
716 1820
717 1821
718 1823
719 1824
720 1826
721 1827
722 1829
723 1831
724 1832
725 1834
726 1835
727 1837
728 1838
729 1840
730 1842
731 1843
732 1844
733 1846
734 1847
735 1849
736 1850
737 1852
738 1853
739 1855
740 1856
741 1857
742 1859
743 1860
744 1861
745 1863
746 1864
747 1865
748 1866
749 1868
750 1869
751 1870
752 1871
753 1872
754 1874
755 1875
756 1876
757 1877
758 1878
759 1879
760 1880
761 1881
762 1882
763 1862
764 1850
765 1843
766 1837
767 1833
768 1829
769 1826
770 1822
771 1819
772 1816
773 1812
774 1838
775 1848
776 1852
777 1856
778 1858
779 1860
780 1862
781 1864
782 1866
783 1867
784 1869
785 1871
786 1873
787 1875
788 1876
789 1878
790 1880
791 1882
792 1883
793 1885
794 1887
795 1888
796 1890
797 1891
798 1893
799 1895
800 1896
801 1898
802 1899
803 1901
804 1902
805 1904
806 1905
807 1907
808 1908
809 1910
810 1911
811 1913
812 1914
813 1915
814 1917
815 1918
816 1919
817 1921
818 1922
819 1923
820 1925
821 1926
822 1927
823 1928
824 1929
825 1931
826 1932
827 1933
828 1934
829 1935
830 1936
831 1933
832 1931
833 1908
834 1894
835 1886
836 1880
837 1876
838 1873
839 1871
840 1868
841 1866
842 1863
843 1860
844 1858
845 1859
846 1858
847 1855
848 1884
849 1894
850 1898
851 1900
852 1900
853 1900
854 1901
855 1902
856 1903
857 1904
858 1906
859 1907
860 1908
861 1910
862 1911
863 1912
864 1913
865 1914
866 1916
867 1917
868 1919
869 1921
870 1922
871 1923
872 1923
873 1924
874 1924
875 1924
876 1925
877 1926
878 1927
879 1930
880 1932
881 1933
882 1935
883 1936
884 1938
885 1940
886 1942
887 1943
888 1945
889 1946
890 1947
891 1950
892 1952
893 1954
894 1956
895 1958
896 1959
897 1960
898 1961
899 1962
900 1963
901 1965
902 1966
903 1968
904 1970
905 1971
906 1973
907 1975
908 1976
909 1978
910 1980
911 1981
912 1983
913 1984
914 1986
915 1988
916 1989
917 1991
918 1992
919 1994
920 1995
921 1997
922 1998
923 2000
924 2001
925 2002
926 2004
927 2005
928 2007
929 2008
930 2009
931 2011
932 2012
933 2013
934 2014
935 2016
936 2017
937 2018
938 2019
939 2020
940 2022
941 2023
942 2020
943 2018
944 2016
945 2014
946 2012
947 2009
948 2007
949 1982
950 1967
951 1959
952 1954
953 1950
954 1947
955 1944
956 1942
957 1939
958 1971
959 1984
960 1988
961 1990
962 1992
963 1993
964 1994
965 1995
966 1996
967 1997
968 1998
969 1999
970 2000
971 2001
972 2001
973 2002
974 2003
975 2004
976 2005
977 2005
978 2007
979 2008
980 2008
981 2009
982 2010
983 2011
984 2011
985 2012
986 2012
987 2009
988 1961
989 1924
990 1893
991 1865
992 1837
993 1806
994 1774
995 1740
996 1704
997 1668
998 1630
999 1592
1000 1553
1001 1514
1002 1475
1003 1437
1004 1401
1005 1367
1006 1335
1007 1306
1008 1278
1009 1253
1010 1229
1011 1208
1012 3390
1013 3081
1014 2829
1015 2616
1016 2427
1017 2224
1018 2111
1019 2034
1020 2024
1021 2037
1022 2051
1023 2067
1024 2084
1025 2098
1026 2110
1027 2118
1028 2119
1029 2095
1030 2131
1031 2165
1032 2166
1033 2239
1034 2314
1035 2387
1036 2457
1037 2523
1038 2583
1039 2635
1040 2681
1041 2721
1042 2756
1043 2755
1044 2762
1045 2777
1046 2796
1047 2818
1048 2838
1049 2856
1050 2869
1051 2877
1052 2881
1053 2882
1054 2882
1055 2879
1056 2876
1057 2871
1058 2866
1059 2860
1060 2853
1061 2846
1062 2839
1063 2831
1064 2824
1065 2816
1066 2807
1067 2799
1068 2791
1069 2783
1070 2774
1071 2766
1072 2758
1073 2749
1074 2743
1075 2733
1076 2716
1077 2694
1078 2667
1079 2639
1080 2618
1081 2599
1082 2581
1083 2564
1084 2546
1085 2529
1086 2513
1087 2497
1088 2481
1089 2466
1090 2452
1091 2438
1092 2424
1093 2411
1094 2398
1095 2386
1096 2374
1097 2362
1098 2351
1099 2340
1100 2329
1101 2319
1102 2309
1103 2300
1104 2291
1105 2282
1106 2272
1107 2263
1108 2252
1109 2238
1110 2223
1111 2204
1112 2182
1113 2157
1114 2129
1115 2100
1116 2069
1117 2036
1118 2003
1119 1982
1120 1993
1121 2010
1122 2032
1123 2054
1124 1773
1125 1813
1126 1833
1127 1842
1128 1845
1129 1846
1130 1845
1131 1844
1132 1842
1133 1839
1134 1837
1135 1835
1136 1832
1137 1830
1138 1827
1139 1825
1140 1822
1141 1820
1142 1817
1143 1815
1144 1812
1145 1810
1146 1807
1147 1804
1148 1802
1149 1799
1150 1797
1151 1794
1152 1792
1153 1789
1154 1787
1155 1784
1156 1782
1157 1779
1158 1777
1159 1774
1160 1772
1161 1769
1162 1767
1163 1764
1164 1762
1165 1759
1166 1757
1167 1754
1168 1752
1169 1749
1170 1747
1171 1744
1172 1742
1173 1739
1174 1737
1175 1734
1176 1732
1177 1729
1178 1727
1179 1724
1180 1722
1181 1719
1182 1717
1183 1714
1184 1712
1185 1709
1186 1707
1187 1704
1188 1702
1189 1699
1190 1697
1191 1694
1192 1692
1193 1690
1194 1687
1195 1685
1196 1682
1197 1680
1198 1677
1199 1675
1200 1672
1201 1670
1202 1668
1203 1665
1204 1663
1205 1660
1206 1658
1207 1655
1208 1653
1209 1651
1210 1648
1211 1646
1212 1643
1213 1641
1214 1641
1215 1661
1216 1670
1217 1672
1218 1674
1219 1675
1220 1676
1221 1677
1222 1678
1223 1679
1224 1680
1225 1680
1226 1681
1227 1682
1228 1683
1229 1684
1230 1685
1231 1686
1232 1686
1233 1687
1234 1688
1235 1689
1236 1689
1237 1690
1238 1691
1239 1692
1240 1692
1241 1693
1242 1694
1243 1694
1244 1695
1245 1696
1246 1696
1247 1697
1248 1698
1249 1698
1250 1699
1251 1699
1252 1700
1253 1701
1254 1701
1255 1702
1256 1702
1257 1703
1258 1703
1259 1704
1260 1704
1261 1705
1262 1705
1263 1706
1264 1706
1265 1707
1266 1707
1267 1708
1268 1708
1269 1708
1270 1709
1271 1709
1272 1710
1273 1710
1274 1710
1275 1711
1276 1711
1277 1711
1278 1712
1279 1712
1280 1712
1281 1712
1282 1713
1283 1713
1284 1713
1285 1713
1286 1714
1287 1714
1288 1714
1289 1714
1290 1714
1291 1714
1292 1715
1293 1715
1294 1715
1295 1715
1296 1715
1297 1715
1298 1715
1299 1715
1300 1715
1301 1716
1302 1716
1303 1716
1304 1716
1305 1716
1306 1716
1307 1716
1308 1716
1309 1716
1310 1716
1311 1716
1312 1716
1313 1716
1314 1716
1315 1716
1316 1716
1317 1716
1318 1716
1319 1716
1320 1716
1321 1716
1322 1716
1323 1716
1324 1716
1325 1715
1326 1715
1327 1715
1328 1715
1329 1697
1330 1686
1331 1678
1332 1694
1333 1701
1334 1704
1335 1707
1336 1710
1337 1712
1338 1714
1339 1716
1340 1718
1341 1720
1342 1722
1343 1724
1344 1726
1345 1727
1346 1729
1347 1731
1348 1733
1349 1735
1350 1736
1351 1738
1352 1740
1353 1741
1354 1743
1355 1745
1356 1746
1357 1748
1358 1750
1359 1751
1360 1753
1361 1754
1362 1756
1363 1758
1364 1759
1365 1761
1366 1762
1367 1764
1368 1765
1369 1767
1370 1768
1371 1770
1372 1771
1373 1773
1374 1774
1375 1775
1376 1777
1377 1778
1378 1780
1379 1781
1380 1783
1381 1784
1382 1785
1383 1787
1384 1788
1385 1790
1386 1791
1387 1794
1388 1796
1389 1798
1390 1799
1391 1801
1392 1803
1393 1805
1394 1807
1395 1809
1396 1811
1397 1812
1398 1814
1399 1815
1400 1817
1401 1818
1402 1820
1403 1821
1404 1822
1405 1824
1406 1825
1407 1826
1408 1827
1409 1829
1410 1830
1411 1831
1412 1832
1413 1834
1414 1835
1415 1836
1416 1837
1417 1838
1418 1839
1419 1840
1420 1841
1421 1843
1422 1844
1423 1845
1424 1846
1425 1847
1426 1848
1427 1849
1428 1850
1429 1851
1430 1852
1431 1853
1432 1854
1433 1854
1434 1855
1435 1855
1436 1856
1437 1856
1438 1857
1439 1858
1440 1860
1441 1862
1442 1864
1443 1866
1444 1867
1445 1869
1446 1870
1447 1872
1448 1874
1449 1875
1450 1876
1451 1878
1452 1880
1453 1881
1454 1882
1455 1884
1456 1885
1457 1886
1458 1887
1459 1888
1460 1889
1461 1891
1462 1892
1463 1893
1464 1895
1465 1896
1466 1897
1467 1899
1468 1900
1469 1901
1470 1902
1471 1903
1472 1905
1473 1906
1474 1907
1475 1908
1476 1909
1477 1910
1478 1912
1479 1913
1480 1914
1481 1915
1482 1916
1483 1916
1484 1918
1485 1920
1486 1922
1487 1923
1488 1923
1489 1924
1490 1924
1491 1927
1492 1928
1493 1929
1494 1930
1495 1932
1496 1933
1497 1934
1498 1936
1499 1936
1500 1937
1501 1938
1502 1939
1503 1939
1504 1939
1505 1939
1506 1940
1507 1940
1508 1941
1509 1942
1510 1942
1511 1942
1512 1941
1513 1941
1514 1941
1515 1942
1516 1943
1517 1943
1518 1944
1519 1946
1520 1947
1521 1948
1522 1948
1523 1949
1524 1950
1525 1951
1526 1952
1527 1955
1528 1957
1529 1959
1530 1960
1531 1961
1532 1962
1533 1962
1534 1963
1535 1964
1536 1965
1537 1967
1538 1968
1539 1969
1540 1970
1541 1971
1542 1972
1543 1973
1544 1974
1545 1976
1546 1977
1547 1978
1548 1979
1549 1980
1550 1981
1551 1982
1552 1983
1553 1984
1554 1985
1555 1985
1556 1986
1557 1987
1558 1988
1559 1989
1560 1990
1561 1991
1562 1991
1563 1992
1564 1993
1565 1994
1566 1995
1567 1996
1568 1997
1569 1998
1570 1998
1571 1999
1572 2000
1573 2000
1574 2001
1575 2001
1576 2002
1577 2004
1578 2006
1579 2008
1580 2009
1581 2011
1582 2012
1583 2013
1584 2014
1585 2015
1586 2016
1587 2016
1588 2017
1589 2018
1590 2018
1591 2019
1592 2020
1593 2020
1594 2021
1595 2022
1596 2023
1597 2023
1598 2024
1599 2024
1600 2025
1601 2025
1602 2026
1603 2026
1604 2027
1605 2027
1606 2028
1607 2028
1608 2029
1609 2029
1610 2030
1611 2031
1612 2031
1613 2032
1614 2032
1615 2033
1616 2033
1617 2034
1618 2034
1619 2035
1620 2035
1621 2036
1622 2036
1623 2036
1624 2037
1625 2037
1626 2037
1627 2038
1628 2038
1629 2040
1630 2041
1631 2042
1632 2043
1633 2044
1634 2045
1635 2046
1636 2047
1637 2047
1638 2048
1639 2049
1640 2050
1641 2050
1642 2051
1643 2052
1644 2052
1645 2053
1646 2053
1647 2054
1648 2054
1649 2055
1650 2055
1651 2056
1652 2057
1653 2057
1654 2058
1655 2058
1656 2059
1657 2060
1658 2060
1659 2060
1660 2061
1661 2061
1662 2062
1663 2062
1664 2063
1665 2063
1666 2064
1667 2064
1668 2065
1669 2066
1670 2066
1671 2067
1672 2067
1673 2067
1674 2068
1675 2068
1676 2069
1677 2069
1678 2069
1679 2070
1680 2070
1681 2070
1682 2070
1683 2071
1684 2071
1685 2046
1686 2031
1687 2021
1688 2013
1689 2041
1690 2052
1691 2055
1692 2057
1693 2058
1694 2059
1695 2060
1696 2061
1697 2062
1698 2063
1699 2063
1700 2064
1701 2065
1702 2066
1703 2067
1704 2067
1705 2068
1706 2069
1707 2070
1708 2070
1709 2071
1710 2072
1711 2072
1712 2073
1713 2074
1714 2074
1715 2075
1716 2075
1717 2076
1718 2076
1719 2077
1720 2077
1721 2078
1722 2078
1723 2079
1724 2079
1725 2079
1726 2080
1727 2080
1728 2081
1729 2081
1730 2081
1731 2082
1732 2082
1733 2082
1734 2082
1735 2083
1736 2083
1737 2083
1738 2083
1739 2083
1740 2084
1741 2084
1742 2084
1743 2084
1744 2080
1745 2078
1746 2051
1747 2035
1748 2026
1749 2020
1750 2016
1751 2012
1752 2009
1753 2007
1754 2006
1755 2003
1756 1998
1757 1993
1758 2022
1759 2033
1760 2037
1761 2039
1762 2040
1763 2040
1764 2041
1765 2041
1766 2043
1767 2044
1768 2045
1769 2045
1770 2045
1771 2044
1772 2043
1773 2042
1774 2043
1775 2043
1776 2044
1777 2044
1778 2045
1779 2045
1780 2046
1781 2046
1782 2047
1783 2047
1784 2048
1785 2048
1786 2050
1787 2052
1788 2053
1789 2055
1790 2056
1791 2057
1792 2058
1793 2059
1794 2060
1795 2060
1796 2061
1797 2062
1798 2065
1799 2066
1800 2067
1801 2069
1802 2070
1803 2071
1804 2072
1805 2074
1806 2075
1807 2076
1808 2077
1809 2078
1810 2078
1811 2078
1812 2079
1813 2080
1814 2080
1815 2081
1816 2082
1817 2082
1818 2083
1819 2084
1820 2085
1821 2086
1822 2087
1823 2088
1824 2089
1825 2090
1826 2091
1827 2092
1828 2093
1829 2093
1830 2094
1831 2095
1832 2096
1833 2097
1834 2097
1835 2098
1836 2099
1837 2100
1838 2100
1839 2101
1840 2102
1841 2102
1842 2103
1843 2104
1844 2104
1845 2105
1846 2105
1847 2102
1848 2100
1849 2097
1850 2095
1851 2093
1852 2091
1853 2089
1854 2062
1855 2046
1856 2037
1857 2031
1858 2026
1859 2023
1860 2020
1861 2020
1862 2054
1863 2068
1864 2073
1865 2075
1866 2076
1867 2077
1868 2078
1869 2079
1870 2079
1871 2080
1872 2080
1873 2081
1874 2081
1875 2082
1876 2082
1877 2081
1878 2080
1879 2080
1880 2080
1881 2081
1882 2082
1883 2083
1884 2083
1885 2084
1886 2084
1887 2084
1888 2085
1889 2079
1890 2024
1891 1979
1892 1941
1893 1905
1894 1869
1895 1831
1896 1791
1897 1750
1898 1707
1899 1664
1900 1621
1901 1578
1902 1535
1903 1494
1904 1453
1905 1415
1906 1379
1907 1345
1908 1314
1909 1284
1910 1257
1911 1232
1912 1209
1913 1188
1914 1169
1915 1152
1916 3369
1917 3065
1918 2813
1919 2594
1920 2421
1921 2218
1922 2110
1923 2031
1924 1987
1925 1997
1926 2021
1927 2046
1928 2068
1929 2086
1930 2099
1931 2096
1932 2101
1933 2140
1934 2168
1935 2180
1936 2161
1937 2228
1938 2304
1939 2382
1940 2458
1941 2528
1942 2591
1943 2645
1944 2692
1945 2733
1946 2732
1947 2740
1948 2757
1949 2775
1950 2795
1951 2814
1952 2830
1953 2842
1954 2850
1955 2855
1956 2857
1957 2880
1958 2891
1959 2894
1960 2892
1961 2888
1962 2884
1963 2879
1964 2873
1965 2867
1966 2862
1967 2855
1968 2849
1969 2843
1970 2838
1971 2830
1972 2810
1973 2793
1974 2780
1975 2770
1976 2760
1977 2748
1978 2728
1979 2705
1980 2680
1981 2661
1982 2643
1983 2626
1984 2608
1985 2591
1986 2574
1987 2557
1988 2541
1989 2526
1990 2510
1991 2496
1992 2481
1993 2467
1994 2454
1995 2441
1996 2428
1997 2416
1998 2404
1999 2392
2000 2380
2001 2369
2002 2357
2003 2344
2004 2329
2005 2310
2006 2288
2007 2262
2008 2232
2009 2198
2010 2161
2011 2123
2012 2083
2013 2045
2014 2008
2015 1979
2016 1985
2017 2006
2018 2030
2019 2055
2020 2078
2021 2098
2022 2116
2023 2144
2024 2169
2025 2193
2026 1879
2027 1905
2028 1911
2029 1912
2030 1912
2031 1912
2032 1912
2033 1913
2034 1913
2035 1913
2036 1913
2037 1913
2038 1913
2039 1914
2040 1914
2041 1914
2042 1914
2043 1914
2044 1914
2045 1914
2046 1914
2047 1914
2048 1914
2049 1914
2050 1914
2051 1914
2052 1914
2053 1914
2054 1914
2055 1914
2056 1914
2057 1914
2058 1914
2059 1914
2060 1914
2061 1914
2062 1914
2063 1914
2064 1913
2065 1909
2066 1907
2067 1904
2068 1902
2069 1900
2070 1898
2071 1875
2072 1862
2073 1854
2074 1848
2075 1844
2076 1841
2077 1838
2078 1836
2079 1833
2080 1831
2081 1828
2082 1860
2083 1872
2084 1875
2085 1876
2086 1877
2087 1878
2088 1878
2089 1879
2090 1879
2091 1880
2092 1880
2093 1881
2094 1881
2095 1881
2096 1882
2097 1882
2098 1882
2099 1883
2100 1883
2101 1883
2102 1884
2103 1884
2104 1884
2105 1885
2106 1885
2107 1885
2108 1885
2109 1886
2110 1886
2111 1886
2112 1886
2113 1886
2114 1887
2115 1887
2116 1887
2117 1887
2118 1887
2119 1887
2120 1887
2121 1887
2122 1887
2123 1888
2124 1888
2125 1888
2126 1888
2127 1888
2128 1888
2129 1888
2130 1888
2131 1888
2132 1888
2133 1887
2134 1887
2135 1887
2136 1887
2137 1887
2138 1887
2139 1887
2140 1887
2141 1887
2142 1886
2143 1886
2144 1886
2145 1886
2146 1886
2147 1886
2148 1885
2149 1885
2150 1885
2151 1885
2152 1884
2153 1884
2154 1884
2155 1883
2156 1883
2157 1883
2158 1882
2159 1882
2160 1882
2161 1882
2162 1881
2163 1881
2164 1880
2165 1880
2166 1880
2167 1879
2168 1879
2169 1878
2170 1878
2171 1877
2172 1877
2173 1877
2174 1876
2175 1876
2176 1875
2177 1875
2178 1874
2179 1874
2180 1873
2181 1873
2182 1872
2183 1872
2184 1871
2185 1871
2186 1870
2187 1869
2188 1869
2189 1868
2190 1868
2191 1867
2192 1863
2193 1860
2194 1858
2195 1855
2196 1834
2197 1821
2198 1813
2199 1807
2200 1803
2201 1800
2202 1797
2203 1795
2204 1792
2205 1789
2206 1820
2207 1831
2208 1834
2209 1836
2210 1836
2211 1837
2212 1837
2213 1837
2214 1838
2215 1838
2216 1838
2217 1839
2218 1839
2219 1841
2220 1843
2221 1846
2222 1847
2223 1849
2224 1851
2225 1853
2226 1855
2227 1856
2228 1858
2229 1860
2230 1861
2231 1863
2232 1865
2233 1866
2234 1868
2235 1870
2236 1871
2237 1873
2238 1874
2239 1876
2240 1877
2241 1879
2242 1880
2243 1882
2244 1883
2245 1885
2246 1886
2247 1887
2248 1889
2249 1890
2250 1891
2251 1893
2252 1894
2253 1895
2254 1897
2255 1898
2256 1899
2257 1900
2258 1902
2259 1903
2260 1904
2261 1905
2262 1906
2263 1907
2264 1908
2265 1909
2266 1910
2267 1911
2268 1913
2269 1916
2270 1919
2271 1921
2272 1922
2273 1923
2274 1924
2275 1925
2276 1926
2277 1927
2278 1928
2279 1930
2280 1931
2281 1932
2282 1933
2283 1934
2284 1935
2285 1936
2286 1937
2287 1938
2288 1939
2289 1940
2290 1941
2291 1942
2292 1943
2293 1944
2294 1945
2295 1945
2296 1946
2297 1947
2298 1948
2299 1949
2300 1950
2301 1950
2302 1950
2303 1951
2304 1952
2305 1953
2306 1954
2307 1955
2308 1956
2309 1957
2310 1958
2311 1958
2312 1959
2313 1960
2314 1961
2315 1962
2316 1963
2317 1964
2318 1966
2319 1968
2320 1969
2321 1971
2322 1972
2323 1973
2324 1975
2325 1976
2326 1977
2327 1979
2328 1980
2329 1981
2330 1982
2331 1984
2332 1985
2333 1986
2334 1987
2335 1988
2336 1990
2337 1991
2338 1992
2339 1993
2340 1994
2341 1995
2342 1996
2343 1997
2344 1998
2345 1999
2346 2000
2347 2001
2348 2002
2349 2003
2350 2004
2351 2004
2352 2005
2353 2006
2354 2007
2355 2007
2356 2008
2357 2009
2358 2010
2359 2011
2360 2012
2361 2013
2362 2014
2363 2014
2364 2015
2365 2015
2366 2016
2367 2018
2368 2019
2369 2021
2370 2024
2371 2026
2372 2027
2373 2028
2374 2029
2375 2030
2376 2030
2377 2031
2378 2031
2379 2031
2380 2032
2381 2032
2382 2033
2383 2033
2384 2034
2385 2034
2386 2034
2387 2035
2388 2035
2389 2035
2390 2036
2391 2036
2392 2036
2393 2036
2394 2036
2395 2033
2396 2029
2397 2028
2398 2028
2399 2029
2400 2030
2401 2030
2402 2033
2403 2035
2404 2036
2405 2037
2406 2038
2407 2040
2408 2041
2409 2042
2410 2043
2411 2044
2412 2045
2413 2047
2414 2048
2415 2049
2416 2050
2417 2051
2418 2052
2419 2053
2420 2054
2421 2055
2422 2056
2423 2057
2424 2058
2425 2058
2426 2059
2427 2060
2428 2061
2429 2062
2430 2062
2431 2063
2432 2064
2433 2064
2434 2065
2435 2066
2436 2066
2437 2067
2438 2067
2439 2068
2440 2069
2441 2069
2442 2070
2443 2071
2444 2071
2445 2071
2446 2072
2447 2072
2448 2072
2449 2072
2450 2074
2451 2075
2452 2076
2453 2077
2454 2077
2455 2078
2456 2078
2457 2079
2458 2079
2459 2080
2460 2080
2461 2081
2462 2082
2463 2082
2464 2083
2465 2084
2466 2084
2467 2085
2468 2086
2469 2086
2470 2087
2471 2088
2472 2088
2473 2089
2474 2089
2475 2090
2476 2090
2477 2091
2478 2091
2479 2091
2480 2092
2481 2092
2482 2093
2483 2093
2484 2094
2485 2094
2486 2094
2487 2095
2488 2095
2489 2096
2490 2096
2491 2096
2492 2097
2493 2097
2494 2097
2495 2097
2496 2097
2497 2097
2498 2097
2499 2097
2500 2097
2501 2099
2502 2100
2503 2101
2504 2102
2505 2103
2506 2103
2507 2104
2508 2104
2509 2105
2510 2105
2511 2105
2512 2105
2513 2105
2514 2106
2515 2106
2516 2106
2517 2106
2518 2107
2519 2107
2520 2108
2521 2108
2522 2109
2523 2109
2524 2110
2525 2110
2526 2111
2527 2111
2528 2111
2529 2112
2530 2112
2531 2113
2532 2113
2533 2114
2534 2114
2535 2114
2536 2115
2537 2115
2538 2115
2539 2116
2540 2116
2541 2116
2542 2116
2543 2117
2544 2117
2545 2117
2546 2117
2547 2118
2548 2118
2549 2118
2550 2118
2551 2118
2552 2118
2553 2119
2554 2118
2555 2118
2556 2119
2557 2092
2558 2077
2559 2101
2560 2110
2561 2113
2562 2114
2563 2115
2564 2115
2565 2116
2566 2117
2567 2117
2568 2118
2569 2119
2570 2119
2571 2120
2572 2121
2573 2121
2574 2122
2575 2123
2576 2123
2577 2124
2578 2124
2579 2125
2580 2125
2581 2126
2582 2126
2583 2126
2584 2127
2585 2127
2586 2128
2587 2128
2588 2128
2589 2129
2590 2129
2591 2129
2592 2130
2593 2130
2594 2130
2595 2130
2596 2131
2597 2131
2598 2131
2599 2131
2600 2131
2601 2131
2602 2132
2603 2132
2604 2132
2605 2132
2606 2132
2607 2132
2608 2132
2609 2132
2610 2132
2611 2132
2612 2132
2613 2128
2614 2125
2615 2123
2616 2095
2617 2079
2618 2069
2619 2063
2620 2059
2621 2055
2622 2051
2623 2048
2624 2049
2625 2046
2626 2079
2627 2091
2628 2095
2629 2096
2630 2096
2631 2096
2632 2096
2633 2095
2634 2095
2635 2095
2636 2095
2637 2096
2638 2096
2639 2097
2640 2097
2641 2097
2642 2098
2643 2098
2644 2099
2645 2099
2646 2100
2647 2100
2648 2100
2649 2101
2650 2101
2651 2101
2652 2102
2653 2102
2654 2105
2655 2106
2656 2107
2657 2108
2658 2109
2659 2110
2660 2110
2661 2111
2662 2112
2663 2113
2664 2114
2665 2117
2666 2119
2667 2120
2668 2121
2669 2122
2670 2123
2671 2124
2672 2125
2673 2125
2674 2126
2675 2126
2676 2127
2677 2127
2678 2127
2679 2127
2680 2128
2681 2129
2682 2130
2683 2131
2684 2132
2685 2132
2686 2133
2687 2134
2688 2135
2689 2136
2690 2137
2691 2137
2692 2138
2693 2139
2694 2140
2695 2140
2696 2141
2697 2141
2698 2142
2699 2143
2700 2143
2701 2144
2702 2144
2703 2145
2704 2146
2705 2146
2706 2147
2707 2147
2708 2148
2709 2148
2710 2148
2711 2149
2712 2149
2713 2150
2714 2150
2715 2147
2716 2144
2717 2142
2718 2140
2719 2138
2720 2136
2721 2107
2722 2091
2723 2081
2724 2075
2725 2071
2726 2067
2727 2065
2728 2105
2729 2119
2730 2123
2731 2125
2732 2126
2733 2127
2734 2128
2735 2130
2736 2131
2737 2132
2738 2133
2739 2133
2740 2134
2741 2134
2742 2134
2743 2134
2744 2135
2745 2135
2746 2135
2747 2135
2748 2135
2749 2135
2750 2134
2751 2134
2752 2134
2753 2134
2754 2134
2755 2137
2756 2133
2757 2082
2758 2045
2759 2015
2760 1987
2761 1959
2762 1929
2763 1896
2764 1861
2765 1823
2766 1781
2767 1737
2768 1691
2769 1643
2770 1596
2771 1550
2772 1506
2773 1464
2774 1425
2775 1388
2776 1354
2777 1321
2778 1291
2779 1263
2780 1237
2781 1213
2782 1191
2783 1172
2784 1154
2785 1138
2786 1124
2787 3344
2788 3041
2789 2789
2790 2578
2791 2408
2792 2262
2793 2149
2794 2060
2795 2015
2796 2026
2797 2052
2798 2082
2799 2110
2800 2134
2801 2157
2802 2171
2803 2160
2804 2179
2805 2188
2806 2279
2807 2377
2808 2469
2809 2550
2810 2619
2811 2625
2812 2641
2813 2663
2814 2688
2815 2714
2816 2739
2817 2765
2818 2789
2819 2813
2820 2839
2821 2903
2822 2920
2823 2914
2824 2899
2825 2876
2826 2827
2827 2796
2828 2787
2829 2786
2830 2779
2831 2761
2832 2739
2833 2717
2834 2695
2835 2673
2836 2652
2837 2631
2838 2610
2839 2591
2840 2571
2841 2551
2842 2530
2843 2508
2844 2487
2845 2465
2846 2444
2847 2423
2848 2403
2849 2383
2850 2363
2851 2344
2852 2325
2853 2307
2854 2289
2855 2271
2856 2254
2857 2237
2858 2220
2859 2204
2860 2188
2861 2173
2862 2157
2863 2142
2864 2126
2865 2110
2866 2092
2867 2072
2868 2052
2869 2032
2870 2018
2871 2012
2872 2015
2873 2026
2874 2043
2875 2064
2876 2084
2877 2104
2878 2123
2879 2141
2880 2171
2881 2200
2882 2227
2883 1898
2884 1925
2885 1923
2886 1924
2887 1924
2888 1924
2889 1917
2890 1926
2891 1923
2892 1920
2893 1921
2894 1920
2895 1959
2896 1893
2897 1836
2898 1811
2899 1797
2900 1787
2901 1778
2902 1784
2903 1808
2904 1832
2905 1856
2906 1879
2907 1904
2908 1931
2909 1937
2910 2210
2911 2352
2912 2506
2913 2639
2914 2811
2915 3023
2916 3242
2917 3441
2918 3622
2919 3780
2920 3916
2921 4030
2922 4124
2923 4234
2924 4237
2925 4239
2926 4237
2927 4235
2928 4234
2929 4234
2930 4234
2931 4234
2932 4236
2933 4238
2934 8468
2935 8460
2936 8346
2937 8181
2938 7971
2939 7769
