0 1031
1 1040
2 1042
3 1046
4 1049
5 1052
6 1055
7 1058
8 1061
9 1064
10 1067
11 1070
12 1073
13 1076
14 1079
15 1082
16 1085
17 1088
18 1091
19 1094
20 1097
21 1100
22 1102
23 1105
24 1108
25 1111
26 1114
27 1117
28 1120
29 1122
30 1125
31 1128
32 1131
33 1133
34 1136
35 1139
36 1142
37 1144
38 1147
39 1150
40 1152
41 1155
42 1158
43 1160
44 1163
45 1166
46 1168
47 1171
48 1174
49 1176
50 1179
51 1181
52 1184
53 1186
54 1189
55 1191
56 1194
57 1196
58 1199
59 1201
60 1204
61 1206
62 1209
63 1211
64 1213
65 1216
66 1218
67 1220
68 1223
69 1225
70 1227
71 1230
72 1232
73 1234
74 1237
75 1239
76 1241
77 1243
78 1246
79 1248
80 1250
81 1252
82 1254
83 1256
84 1259
85 1261
86 1263
87 1265
88 1267
89 1269
90 1271
91 1273
92 1275
93 1277
94 1279
95 1281
96 1283
97 1274
98 1272
99 1269
100 1266
101 1263
102 1261
103 1258
104 1255
105 1264
106 1266
107 1269
108 1271
109 1274
110 1276
111 1279
112 1281
113 1283
114 1286
115 1288
116 1290
117 1293
118 1295
119 1297
120 1299
121 1302
122 1304
123 1306
124 1308
125 1311
126 1313
127 1315
128 1317
129 1319
130 1321
131 1324
132 1326
133 1328
134 1330
135 1332
136 1334
137 1336
138 1338
139 1340
140 1342
141 1344
142 1346
143 1348
144 1350
145 1352
146 1354
147 1356
148 1358
149 1359
150 1361
151 1363
152 1365
153 1367
154 1369
155 1370
156 1372
157 1374
158 1376
159 1378
160 1379
161 1381
162 1383
163 1384
164 1386
165 1388
166 1389
167 1391
168 1393
169 1394
170 1396
171 1397
172 1399
173 1401
174 1402
175 1404
176 1405
177 1407
178 1408
179 1410
180 1411
181 1413
182 1414
183 1416
184 1417
185 1418
186 1420
187 1421
188 1423
189 1424
190 1425
191 1427
192 1428
193 1429
194 1431
195 1432
196 1433
197 1435
198 1436
199 1437
200 1438
201 1425
202 1421
203 1416
204 1410
205 1405
206 1400
207 1410
208 1412
209 1413
210 1415
211 1417
212 1419
213 1421
214 1423
215 1425
216 1426
217 1428
218 1430
219 1432
220 1433
221 1435
222 1437
223 1438
224 1440
225 1442
226 1443
227 1445
228 1447
229 1448
230 1450
231 1452
232 1453
233 1455
234 1456
235 1458
236 1459
237 1461
238 1462
239 1464
240 1465
241 1467
242 1468
243 1469
244 1471
245 1472
246 1474
247 1475
248 1476
249 1478
250 1479
251 1480
252 1482
253 1483
254 1484
255 1485
256 1487
257 1488
258 1489
259 1490
260 1491
261 1493
262 1494
263 1495
264 1496
265 1497
266 1498
267 1499
268 1501
269 1502
270 1503
271 1504
272 1505
273 1506
274 1507
275 1508
276 1509
277 1510
278 1511
279 1512
280 1513
281 1514
282 1515
283 1515
284 1516
285 1517
286 1518
287 1519
288 1520
289 1521
290 1522
291 1522
292 1523
293 1524
294 1525
295 1526
296 1526
297 1527
298 1528
299 1529
300 1529
301 1530
302 1531
303 1516
304 1510
305 1503
306 1496
307 1489
308 1482
309 1475
310 1485
311 1487
312 1488
313 1490
314 1491
315 1493
316 1494
317 1496
318 1497
319 1499
320 1500
321 1502
322 1503
323 1504
324 1506
325 1507
326 1509
327 1510
328 1511
329 1513
330 1514
331 1515
332 1516
333 1518
334 1519
335 1520
336 1521
337 1523
338 1524
339 1525
340 1526
341 1527
342 1528
343 1529
344 1531
345 1532
346 1533
347 1534
348 1535
349 1536
350 1537
351 1538
352 1539
353 1540
354 1541
355 1542
356 1543
357 1544
358 1545
359 1546
360 1547
361 1547
362 1548
363 1549
364 1550
365 1551
366 1552
367 1552
368 1553
369 1554
370 1555
371 1556
372 1556
373 1557
374 1558
375 1559
376 1559
377 1560
378 1561
379 1561
380 1562
381 1563
382 1563
383 1564
384 1565
385 1565
386 1566
387 1566
388 1567
389 1568
390 1568
391 1569
392 1569
393 1570
394 1570
395 1571
396 1571
397 1572
398 1572
399 1573
400 1573
401 1574
402 1574
403 1575
404 1575
405 1576
406 1559
407 1553
408 1544
409 1536
410 1529
411 1521
412 1513
413 1506
414 1499
415 1491
416 1484
417 1494
418 1496
419 1497
420 1499
421 1500
422 1502
423 1503
424 1505
425 1506
426 1507
427 1509
428 1510
429 1511
430 1513
431 1514
432 1515
433 1517
434 1518
435 1519
436 1520
437 1522
438 1523
439 1524
440 1525
441 1526
442 1528
443 1529
444 1530
445 1531
446 1532
447 1533
448 1534
449 1535
450 1536
451 1537
452 1538
453 1539
454 1540
455 1541
456 1542
457 1543
458 1544
459 1545
460 1546
461 1547
462 1548
463 1549
464 1550
465 1551
466 1552
467 1552
468 1553
469 1554
470 1555
471 1556
472 1556
473 1557
474 1558
475 1559
476 1559
477 1560
478 1561
479 1562
480 1562
481 1563
482 1564
483 1564
484 1565
485 1566
486 1566
487 1567
488 1567
489 1568
490 1569
491 1569
492 1570
493 1570
494 1571
495 1571
496 1572
497 1572
498 1573
499 1573
500 1574
501 1574
502 1575
503 1575
504 1576
505 1576
506 1577
507 1577
508 1577
509 1578
510 1578
511 1579
512 1579
513 1563
514 1556
515 1547
516 1539
517 1531
518 1524
519 1516
520 1526
521 1528
522 1529
523 1530
524 1531
525 1533
526 1534
527 1535
528 1537
529 1538
530 1539
531 1540
532 1542
533 1543
534 1544
535 1545
536 1546
537 1547
538 1548
539 1550
540 1551
541 1552
542 1553
543 1554
544 1555
545 1556
546 1557
547 1558
548 1559
549 1560
550 1561
551 1562
552 1563
553 1564
554 1565
555 1565
556 1566
557 1567
558 1568
559 1569
560 1570
561 1571
562 1571
563 1572
564 1573
565 1574
566 1574
567 1575
568 1576
569 1577
570 1577
571 1578
572 1579
573 1579
574 1580
575 1581
576 1581
577 1582
578 1583
579 1583
580 1584
581 1584
582 1585
583 1586
584 1586
585 1587
586 1587
587 1588
588 1588
589 1589
590 1589
591 1590
592 1590
593 1591
594 1591
595 1592
596 1592
597 1592
598 1593
599 1593
600 1594
601 1594
602 1594
603 1595
604 1595
605 1595
606 1596
607 1596
608 1596
609 1597
610 1597
611 1597
612 1598
613 1598
614 1598
615 1598
616 1581
617 1574
618 1566
619 1557
620 1549
621 1541
622 1533
623 1525
624 1517
625 1509
626 1502
627 1495
