0 1501
1 1498
2 1496
3 1493
4 1490
5 1488
6 1485
7 1482
8 1480
9 1477
10 1474
11 1472
12 1469
13 1466
14 1464
15 1461
16 1459
17 1456
18 1453
19 1451
20 1448
21 1445
22 1443
23 1440
24 1438
25 1435
26 1432
27 1430
28 1427
29 1424
30 1422
31 1419
32 1417
33 1414
34 1411
35 1409
36 1406
37 1404
38 1401
39 1398
40 1396
41 1393
42 1391
43 1388
44 1386
45 1383
46 1380
47 1378
48 1375
49 1373
50 1370
51 1368
52 1365
53 1362
54 1360
55 1357
56 1355
57 1352
58 1350
59 1347
60 1345
61 1342
62 1340
63 1337
64 1334
65 1332
66 1329
67 1327
68 1324
69 1322
70 1319
71 1317
72 1314
73 1312
74 1309
75 1307
76 1304
77 1302
78 1299
79 1297
80 1294
81 1292
82 1289
83 1287
84 1284
85 1282
86 1279
87 1277
88 1274
89 1272
90 1269
91 1267
92 1264
93 1262
94 1259
95 1257
96 1254
97 1252
98 1249
99 1247
100 1244
101 1242
102 1239
103 1237
104 1235
105 1232
106 1230
107 1227
108 1225
109 1222
110 1220
111 1217
112 1215
113 1212
114 1210
115 1207
116 1205
117 1203
118 1200
119 1198
120 1195
121 1193
122 1190
123 1188
124 1185
125 1183
126 1181
127 1178
128 1176
129 1173
130 1171
131 1168
132 1166
133 1164
134 1161
135 1159
136 1156
137 1154
138 1151
139 1149
140 1147
141 1144
142 1142
143 1139
144 1137
145 1135
146 1132
147 1130
148 1127
149 1125
150 1122
151 1120
152 1118
153 1115
154 1113
155 1110
156 1108
157 1106
158 1103
159 1101
160 1098
161 1096
162 1094
163 1091
164 1089
165 1087
166 1084
167 1082
168 1079
169 1077
170 1075
171 1072
172 1070
173 1067
174 1065
175 1063
176 1060
177 1058
178 1056
179 1053
180 1051
181 1048
182 1046
183 1044
184 1041
185 1039
186 1037
187 1034
188 1032
189 1029
190 1027
191 1025
192 1022
193 1020
194 1018
195 1015
196 1013
197 1011
198 1008
199 1006
200 1003
201 1001
202  999
203  996
204  994
205  992
206  989
207  987
208  985
209  982
210  980
211  978
212  975
213  973
214  970
215  968
216  966
217  963
218  961
219  959
220  956
221  954
222  952
223  949
224  947
225  945
226  942
227  940
228  938
229  935
230  933
231  931
232  928
233  926
234  924
235  921
236  919
237  917
238  914
239  912
240  910
241  907
242  905
243  903
244  900
245  898
246  896
247  893
248  891
249  889
250  886
251  884
252  882
253  879
254  877
255  875
256  872
257  870
258  868
259  865
260  863
261  861
262  858
263  856
264  854
265  851
266  849
267  847
268  845
269  842
270  840
271  838
272  835
273  833
274  831
275  828
276  826
277  824
278  821
279  819
280  817
281  814
282  812
283  810
284  807
285  805
286  803
287  801
288  798
289  796
290  794
291  791
292  789
293  787
294  784
295  782
296  780
297  777
298  775
299  773
300  770
301  768
302  766
303  764
304  761
305  759
306  757
307  754
308  752
309  750
310  747
311  745
312  743
313  740
314  738
315  736
316  734
317  731
318  729
319  727
320  724
321  722
322  720
323  717
324  715
325  713
326  711
327  708
328  706
329  704
330  701
331  699
332  697
333  694
334  692
335  690
336  688
337  685
338  683
339  681
340  678
341  676
342  674
343  671
344  669
345  667
346  664
347  662
348  660
349  658
350  655
351  653
352  651
353  648
354  646
355  644
356  641
357  639
358  637
359  635
360  632
361  630
362  628
363  625
364  623
365  621
366  618
367  616
368  614
369  612
370  609
371  607
372  605
373  602
374  600
375  598
376  595
377  593
378  591
379  589
380  586
381  584
382  582
383  579
384  577
385  575
386  572
387  570
388  568
389  566
390  563
391  561
392  559
393  556
394  554
395  552
396  549
397  547
398  545
399  543
400  540
401  538
402  536
403  533
404  531
405  529
406  526
407  524
408  522
409  520
410  517
411  515
412  513
413  510
414  508
415  506
416  503
417  501
418  499
419  497
420  494
421  492
422  490
423  487
424  485
425  483
426  480
427  478
428  476
429  473
430  471
431  469
432  467
433  464
434  462
435  460
436  457
437  455
438  453
439  450
440  448
441  446
442  443
443  441
444  439
445  437
446  434
447  432
448  430
449  427
450  425
451  423
452  420
453  418
454  416
455  413
456  411
457  409
458  407
459  404
460  402
461  400
462  397
463  395
464  393
465  390
466  388
467  386
468  383
469  381
470  379
471  376
472  374
473  372
474  369
475  367
476  365
477  363
478  360
479  358
480  356
481  353
482  351
483  349
484  346
485  344
486  342
487  339
488  337
489  335
490  332
491  330
492  328
493  325
494  323
495  321
496  318
497  316
498  314
499  311
500  309
501  307
502  305
503  302
504  300
505  298
506  295
507  293
508  291
509  288
510  286
511  284
512  281
513  279
514  277
515  274
516  272
517  270
518  267
519  265
520  263
521  260
522  258
523  256
524  253
525  251
526  249
527  246
528  244
529  242
530  239
531  237
532  235
533  232
534  230
535  228
536  226
537  224
538  221
539  219
540  217
541  215
542  213
543  211
544  208
545  206
546  204
547  202
548  200
549  198
550  195
551  193
552  191
553  189
554  187
555  185
556  182
557  180
558  178
559  176
560  174
561  172
562  169
563  167
564  165
565  163
566  161
567  159
568  156
569  154
570  152
571  150
572  148
573  145
574  143
575  141
576  139
577  137
578  134
579  132
580  130
581  128
582  125
583  123
584  121
585  119
586  117
587  114
588  112
589  110
590  108
591  105
592  103
593  101
594   99
595   96
596   94
597   92
598   90
599   87
600   85
601   83
602   81
603   78
604   76
605   74
606   72
607   69
608   67
609   65
610   62
611   60
612   58
613   55
614   53
615   51
616   49
617   46
618   44
619   42
620   39
621   37
622   35
623   32
624   30
625   28
626   25
627   23
628   21
629   18
630   16
631   14
632   11
633    9
634    8
635    6
636    5
637    4
638    4
639    3
640    2
641    2
642    0
