0    0
1    7
2   11
3   15
4   19
5   23
6   27
7   31
8   36
9   40
10   44
11   48
12   52
13   56
14   60
15   65
16   69
17   73
18   77
19   81
20   85
21   89
22   94
23   98
24  102
25  106
26  110
27  114
28  118
29  122
30  126
31  130
32  135
33  139
34  143
35  147
36  151
37  155
38  159
39  163
40  167
41  171
42  175
43  179
44  183
45  187
46  191
47  195
48  199
49  204
50  208
51  212
52  216
53  220
54  224
55  228
56  232
57  236
58  240
59  244
60  248
61  251
62  255
63  259
64  263
65  267
66  271
67  275
68  279
69  283
70  287
71  291
72  295
73  299
74  303
75  307
76  310
77  314
78  318
79  322
80  326
81  330
82  334
83  337
84  341
85  345
86  349
87  353
88  357
89  360
90  364
91  368
92  372
93  376
94  379
95  383
96  387
97  391
98  394
99  398
100  402
101  405
102  409
103  413
104  417
105  420
106  424
107  428
108  431
109  435
110  438
111  442
112  446
113  449
114  453
115  456
116  460
117  464
118  467
119  471
120  474
121  478
122  481
123  485
124  488
125  492
126  495
127  499
128  502
129  506
130  509
131  513
132  516
133  519
134  523
135  526
136  529
137  533
138  536
139  540
140  543
141  546
142  549
143  553
144  556
145  559
146  563
147  566
148  569
149  572
150  575
151  579
152  582
153  585
154  588
155  591
156  594
157  598
158  601
159  604
160  607
161  610
162  613
163  616
164  619
165  622
166  625
167  628
168  631
169  634
170  637
171  640
172  643
173  646
174  649
175  651
176  654
177  657
178  660
179  663
180  666
181  668
182  671
183  674
184  677
185  680
186  682
187  685
188  688
189  690
190  693
191  696
192  698
193  701
194  704
195  706
196  709
197  711
198  714
199  716
200  719
201  722
202  724
203  727
204  729
205  731
206  734
207  736
208  739
209  741
210  744
211  746
212  748
213  751
214  753
215  755
216  758
217  760
218  762
219  764
220  767
221  769
222  771
223  773
224  776
225  778
226  780
227  782
228  784
229  786
230  788
231  790
232  793
233  795
234  797
235  799
236  801
237  803
238  805
239  807
240  809
241  811
242  813
243  815
244  816
245  818
246  820
247  822
248  824
249  826
250  828
251  829
252  831
253  833
254  835
255  837
256  838
257  840
258  842
259  844
260  845
261  847
262  849
263  850
264  852
265  854
266  855
267  857
268  859
269  860
270  862
271  863
272  865
273  866
274  868
275  869
276  871
277  872
278  874
279  875
280  877
281  878
282  880
283  881
284  883
285  884
286  885
287  887
288  888
289  889
290  891
291  892
292  893
293  895
294  896
295  897
296  899
297  900
298  901
299  902
300  904
301  905
302  906
303  907
304  909
305  910
306  911
307  912
308  913
309  914
310  915
311  917
312  918
313  919
314  920
315  921
316  922
317  923
318  924
319  925
320  926
321  927
322  928
323  929
324  930
325  931
326  932
327  933
328  934
329  935
330  936
331  937
332  938
333  939
334  940
335  941
336  942
337  943
338  944
339  944
340  945
341  946
342  947
343  948
344  949
345  949
346  950
347  951
348  952
349  953
350  954
351  954
352  955
353  956
354  957
355  957
356  958
357  959
358  960
359  960
360  961
361  962
362  962
363  963
364  964
365  965
366  965
367  966
368  967
369  967
370  968
371  969
372  969
373  970
374  970
375  971
376  972
377  972
378  973
379  973
380  974
381  975
382  975
383  976
384  976
385  977
386  977
387  978
388  979
389  979
390  980
391  980
392  981
393  981
394  982
395  982
396  983
397  983
398  984
399  984
400  985
401  985
402  986
403  986
404  987
405  987
406  988
407  988
408  989
409  989
410  989
411  990
412  990
413  991
414  991
415  992
416  992
417  992
418  993
419  993
420  994
421  994
422  994
423  995
424  995
425  996
426  996
427  996
428  997
429  997
430  997
431  998
432  998
433  998
434  999
435  999
436  999
437 1000
438 1000
439 1000
440 1001
441 1001
442 1001
443 1002
444 1002
445 1002
446 1003
447 1003
448 1003
449 1004
450 1004
451 1004
452 1004
453 1005
454 1005
455 1005
456 1006
457 1006
458 1006
459 1006
460 1007
461 1007
462 1007
463 1007
464 1008
465 1008
466 1008
467 1008
468 1009
469 1009
470 1009
471 1009
472 1010
473 1010
474 1010
475 1010
476 1010
477 1011
478 1011
479 1011
480 1011
481 1012
482 1012
483 1012
484 1012
485 1012
486 1013
487 1013
488 1013
489 1013
490 1013
491 1014
492 1014
493 1014
494 1014
495 1014
496 1014
497 1015
498 1015
499 1015
500 1015
501 1015
502 1016
503 1016
504 1016
505 1016
506 1016
507 1016
508 1017
509 1017
510 1017
511 1017
512 1017
513 1017
514 1017
515 1018
516 1018
517 1018
518 1018
519 1018
520 1018
521 1018
522 1019
523 1019
524 1019
525 1019
526 1019
527 1019
528 1019
529 1020
530 1020
531 1020
532 1020
533 1020
534 1020
535 1020
536 1020
537 1020
538 1021
539 1021
540 1021
541 1021
542 1021
543 1021
544 1021
545 1021
546 1021
547 1022
548 1022
549 1022
550 1022
551 1022
552 1022
553 1022
554 1022
555 1022
556 1022
557 1023
558 1023
559 1023
560 1023
561 1023
562 1023
563 1023
564 1023
565 1023
566 1023
567 1023
568 1024
569 1024
570 1024
571 1024
572 1024
573 1024
574 1024
575 1024
576 1024
577 1024
578 1024
579 1024
580 1025
581 1025
582 1025
583 1025
584 1025
585 1025
586 1025
587 1025
588 1025
589 1025
590 1025
591 1025
592 1025
593 1025
594 1025
595 1026
596 1026
597 1026
598 1026
599 1026
600 1026
601 1026
602 1026
603 1026
604 1026
605 1026
606 1026
607 1026
608 1026
609 1026
610 1026
611 1026
612 1027
613 1027
614 1027
615 1027
616 1027
617 1027
618 1027
619 1027
620 1027
621 1027
622 1027
623 1027
624 1027
625 1027
626 1027
627 1027
628 1027
629 1027
630 1027
631 1027
632 1027
633 1027
634 1028
635 1028
636 1028
637 1028
638 1028
639 1028
640 1028
641 1028
642 1028
643 1028
644 1028
645 1028
646 1028
647 1028
648 1028
649 1028
650 1028
651 1028
652 1028
653 1028
654 1028
655 1028
656 1028
657 1028
658 1028
659 1028
660 1028
661 1029
662 1029
663 1029
664 1029
665 1029
666 1029
667 1029
668 1029
669 1029
670 1029
671 1029
672 1029
673 1029
674 1029
675 1029
676 1029
677 1029
678 1029
679 1029
680 1029
681 1029
682 1029
683 1029
684 1029
685 1029
686 1029
687 1029
688 1029
689 1029
690 1029
691 1029
692 1029
693 1029
694 1029
695 1029
696 1029
697 1029
698 1029
699 1029
700 1029
701 1030
702 1030
703 1030
704 1030
705 1030
706 1030
707 1030
708 1030
709 1030
710 1030
711 1030
712 1030
713 1030
714 1030
715 1030
716 1030
717 1030
718 1030
719 1030
720 1030
721 1030
722 1030
723 1030
724 1030
725 1030
726 1030
727 1030
728 1030
729 1030
730 1030
731 1030
732 1030
733 1030
734 1030
735 1030
736 1030
737 1030
738 1030
739 1030
740 1030
741 1030
742 1030
743 1030
744 1030
745 1030
746 1030
747 1030
748 1030
749 1030
750 1030
751 1030
752 1030
753 1030
754 1030
755 1030
756 1030
757 1030
758 1030
759 1030
760 1030
761 1030
762 1030
763 1030
764 1030
765 1030
766 1030
767 1030
768 1030
769 1030
770 1030
771 1030
772 1031
