0 1502
1 1495
2 1487
3 1480
4 1473
5 1466
6 1459
7 1453
8 1446
9 1440
10 1434
11 1428
12 1422
13 1416
14 1410
15 1404
16 1399
17 1393
18 1388
19 1383
20 1378
21 1373
22 1368
23 1363
24 1358
25 1353
26 1349
27 1344
28 1340
29 1335
30 1331
31 1327
32 1323
33 1319
34 1315
35 1311
36 1307
37 1303
38 1300
39 1296
40 1292
41 1289
42 1285
43 1282
44 1279
45 1275
46 1272
47 1269
48 1266
49 1263
50 1259
51 1256
52 1253
53 1251
54 1248
55 1245
56 1242
57 1239
58 1237
59 1234
60 1231
61 1229
62 1226
63 1224
64 1221
65 1219
66 1217
67 1214
68 1212
69 1210
70 1207
71 1205
72 1203
73 1201
74 1199
75 1197
76 1194
77 1192
78 1190
79 1188
80 1186
81 1185
82 1183
83 1181
84 1179
85 1177
86 1175
87 1174
88 1172
89 1170
90 1168
91 1167
92 1165
93 1163
94 1162
95 1160
96 1159
97 1157
98 1156
99 1154
100 1153
101 1151
102 1150
103 1148
104 1147
105 1146
106 1144
107 1143
108 1142
109 1140
110 1139
111 1138
112 1136
113 1135
114 1134
115 1133
116 1132
117 1130
118 1129
119 1128
120 1127
121 1126
122 1125
123 1124
124 1122
125 1121
126 1120
127 1119
128 1118
129 1117
130 1116
131 1115
132 1114
133 1113
134 1112
135 1111
136 1110
137 1110
138 1109
139 1108
140 1107
141 1106
142 1105
143 1104
144 1103
145 1103
146 1102
147 1101
148 1100
149 1099
150 1099
151 1098
152 1097
153 1096
154 1096
155 1095
156 1094
157 1093
158 1093
159 1092
160 1091
161 1091
162 1090
163 1089
164 1089
165 1088
166 1087
167 1087
168 1086
169 1085
170 1085
171 1084
172 1084
173 1083
174 1082
175 1082
176 1081
177 1081
178 1080
179 1080
180 1079
181 1079
182 1078
183 1077
184 1077
185 1076
186 1076
187 1075
188 1075
189 1074
190 1074
191 1074
192 1073
193 1073
194 1072
195 1072
196 1071
197 1071
198 1070
199 1070
200 1069
201 1069
202 1069
203 1068
204 1068
205 1067
206 1067
207 1067
208 1066
209 1066
210 1065
211 1065
212 1065
213 1064
214 1064
215 1064
216 1063
217 1063
218 1062
219 1062
220 1062
221 1061
222 1061
223 1061
224 1060
225 1060
226 1060
227 1060
228 1059
229 1059
230 1059
231 1058
232 1058
233 1058
234 1057
235 1057
236 1057
237 1057
238 1056
239 1056
240 1056
241 1055
242 1055
243 1055
244 1055
245 1054
246 1054
247 1054
248 1054
249 1053
250 1053
251 1053
252 1053
253 1052
254 1052
255 1052
256 1052
257 1052
258 1051
259 1051
260 1051
261 1051
262 1050
263 1050
264 1050
265 1050
266 1050
267 1049
268 1049
269 1049
270 1049
271 1049
272 1048
273 1048
274 1048
275 1048
276 1048
277 1048
278 1047
279 1047
280 1047
281 1047
282 1047
283 1046
284 1046
285 1046
286 1046
287 1046
288 1046
289 1046
290 1045
291 1045
292 1045
293 1045
294 1045
295 1045
296 1044
297 1044
298 1044
299 1044
300 1044
301 1044
302 1044
303 1044
304 1043
305 1043
306 1043
307 1043
308 1043
309 1043
310 1043
311 1042
312 1042
313 1042
314 1042
315 1042
316 1042
317 1042
318 1042
319 1042
320 1041
321 1041
322 1041
323 1041
324 1041
325 1041
326 1041
327 1041
328 1041
329 1040
330 1040
331 1040
332 1040
333 1040
334 1040
335 1040
336 1040
337 1040
338 1040
339 1040
340 1039
341 1039
342 1039
343 1039
344 1039
345 1039
346 1039
347 1039
348 1039
349 1039
350 1039
351 1039
352 1038
353 1038
354 1038
355 1038
356 1038
357 1038
358 1038
359 1038
360 1038
361 1038
362 1038
363 1038
364 1038
365 1038
366 1037
367 1037
368 1037
369 1037
370 1037
371 1037
372 1037
373 1037
374 1037
375 1037
376 1037
377 1037
378 1037
379 1037
380 1037
381 1037
382 1036
383 1036
384 1036
385 1036
386 1036
387 1036
388 1036
389 1036
390 1036
391 1036
392 1036
393 1036
394 1036
395 1036
396 1036
397 1036
398 1036
399 1036
400 1036
401 1036
402 1035
403 1035
404 1035
405 1035
406 1035
407 1035
408 1035
409 1035
410 1035
411 1035
412 1035
413 1035
414 1035
415 1035
416 1035
417 1035
418 1035
419 1035
420 1035
421 1035
422 1035
423 1035
424 1035
425 1035
426 1035
427 1034
428 1034
429 1034
430 1034
431 1034
432 1034
433 1034
434 1034
435 1034
436 1034
437 1034
438 1034
439 1034
440 1034
441 1034
442 1034
443 1034
444 1034
445 1034
446 1034
447 1034
448 1034
449 1034
450 1034
451 1034
452 1034
453 1034
454 1034
455 1034
456 1034
457 1034
458 1034
459 1034
460 1034
461 1034
462 1033
463 1033
464 1033
465 1033
466 1033
467 1033
468 1033
469 1033
470 1033
471 1033
472 1033
473 1033
474 1033
475 1033
476 1033
477 1033
478 1033
479 1033
480 1033
481 1033
482 1033
483 1033
484 1033
485 1033
486 1033
487 1033
488 1033
489 1033
490 1033
491 1033
492 1033
493 1033
494 1033
495 1033
496 1033
497 1033
498 1033
499 1033
500 1033
501 1033
502 1033
503 1033
504 1033
505 1033
506 1033
507 1033
508 1033
509 1033
510 1033
511 1033
512 1033
513 1033
514 1033
515 1033
516 1033
517 1033
518 1033
519 1033
520 1032
521 1032
522 1032
523 1032
524 1032
525 1032
526 1032
527 1032
528 1032
529 1032
530 1032
531 1032
532 1032
533 1032
534 1032
535 1032
536 1032
537 1032
538 1032
539 1032
540 1032
541 1032
542 1032
543 1032
544 1032
545 1032
546 1032
547 1032
548 1032
549 1032
550 1032
551 1032
552 1032
553 1032
554 1032
555 1032
556 1032
557 1032
558 1032
559 1032
560 1032
561 1032
562 1032
563 1032
564 1032
565 1032
566 1032
567 1032
568 1032
569 1032
570 1032
571 1032
572 1032
573 1032
574 1032
575 1032
576 1032
577 1032
578 1032
579 1032
580 1032
581 1032
582 1032
583 1032
584 1032
585 1032
586 1032
587 1032
588 1032
589 1032
590 1032
591 1032
592 1032
593 1032
594 1032
595 1032
596 1032
597 1032
598 1032
599 1032
600 1032
601 1032
602 1032
603 1032
604 1032
605 1032
606 1032
607 1032
608 1032
609 1032
610 1032
611 1032
612 1032
613 1032
614 1032
615 1032
616 1032
617 1032
618 1032
619 1032
620 1032
621 1032
622 1032
623 1032
624 1032
625 1032
626 1032
627 1032
628 1032
629 1032
630 1032
631 1032
632 1032
633 1032
634 1032
635 1032
636 1032
637 1032
638 1032
639 1032
640 1032
641 1032
642 1032
643 1032
644 1032
645 1032
646 1032
647 1032
648 1032
649 1032
650 1032
651 1032
652 1032
653 1032
654 1032
655 1032
656 1032
657 1032
658 1032
659 1032
660 1032
661 1032
662 1032
663 1032
664 1032
665 1032
666 1032
667 1032
668 1032
669 1032
670 1032
671 1032
672 1032
673 1032
674 1032
675 1032
676 1032
677 1032
678 1032
679 1032
680 1032
681 1032
682 1032
683 1032
684 1032
685 1032
686 1032
687 1032
688 1032
689 1032
690 1032
691 1032
692 1032
693 1032
694 1032
695 1032
696 1032
697 1032
698 1032
699 1032
700 1032
701 1032
702 1032
703 1032
704 1032
705 1032
706 1032
707 1032
708 1032
709 1031
